name: blast_env
channels:
  - conda-forge
  - bioconda
  - defaults
dependencies:
  - blast=2.7.1=h4422958_6
  - boost=1.67.0=py36h3e44d54_0
  - boost-cpp=1.67.0=h3a22d5f_0
  - bzip2=1.0.6=h14c3975_1002
  - ca-certificates=2019.3.9=hecc5488_0
  - certifi=2019.3.9=py36_0
  - gmp=6.1.2=hf484d3e_1000
  - gnutls=3.5.19=h2a4e5f8_1
  - icu=58.2=hf484d3e_1000
  - libblas=3.8.0=4_openblas
  - libcblas=3.8.0=4_openblas
  - libffi=3.2.1=hf484d3e_1005
  - libgcc-ng=7.3.0=hdf63c60_0
  - libgfortran-ng=7.2.0=hdf63c60_3
  - liblapack=3.8.0=4_openblas
  - libstdcxx-ng=7.3.0=hdf63c60_0
  - ncurses=6.1=hf484d3e_1002
  - nettle=3.3=0
  - numpy=1.16.2=py36h8b7e671_1
  - openblas=0.3.5=h9ac9557_1001
  - openssl=1.1.1b=h14c3975_1
  - pandas=0.24.2=py36hf484d3e_0
  - pcre=8.41=hf484d3e_1003
  - perl=5.26.2=h14c3975_1002
  - perl-archive-tar=2.32=pl526_0
  - perl-carp=1.38=pl526_2
  - perl-compress-raw-bzip2=2.084=pl526hfc679d8_0
  - perl-compress-raw-zlib=2.084=pl526h2d50403_0
  - perl-exporter=5.72=pl526_1
  - perl-exporter-tiny=1.002001=pl526_0
  - perl-extutils-makemaker=7.34=pl526_3
  - perl-io-compress=2.084=pl526hfc679d8_0
  - perl-io-zlib=1.10=pl526_2
  - perl-list-moreutils=0.428=pl526_1
  - perl-list-moreutils-xs=0.428=pl526_0
  - perl-pathtools=3.73=h470a237_2
  - perl-scalar-list-utils=1.45=pl526h470a237_3
  - perl-test-more=1.001002=pl526_1
  - perl-xsloader=0.24=pl526_0
  - pip=19.0.3=py36_0
  - python=3.6.7=h381d211_1004
  - python-dateutil=2.8.0=py_0
  - pytz=2018.9=py_0
  - readline=7.0=hf8c457e_1001
  - setuptools=40.8.0=py36_0
  - six=1.12.0=py36_1000
  - sqlite=3.26.0=h67949de_1001
  - tk=8.6.9=h84994c4_1000
  - wheel=0.33.1=py36_0
  - xz=5.2.4=h14c3975_1001
  - zlib=1.2.11=h14c3975_1004
prefix: /home/codewizard/anaconda2/envs/blast_env

